# timestamp (sec),tracking,propagation,msckf update,slam update,slam delayed,re-tri & marg,total
1700030415.803959608078003,0.00742,0.00047,0.00050,0.00000,0.00000,0.00155,0.00994
1700030415.871361255645752,0.00592,0.00032,0.00307,0.00000,0.00269,0.00147,0.01347
1700030415.938769817352295,0.00708,0.00032,0.00012,0.00011,0.00000,0.00200,0.00963
1700030416.006185054779053,0.00706,0.00033,0.00025,0.00021,0.00000,0.00219,0.01004
1700030416.073535203933716,0.00725,0.00044,0.00049,0.00015,0.00016,0.00298,0.01148
1700030416.140360116958618,0.00646,0.00029,0.00005,0.00016,0.00000,0.00187,0.00884
1700030416.206819534301758,0.00759,0.00042,0.00032,0.00008,0.00000,0.00179,0.01021
1700030416.273274660110474,0.00776,0.00038,0.00015,0.00005,0.00016,0.00250,0.01099
1700030416.339725255966187,0.00381,0.00023,0.00003,0.00008,0.00011,0.00187,0.00614
1700030416.406171083450317,0.00560,0.00036,0.00013,0.00018,0.00000,0.00276,0.00903
1700030416.472612619400024,0.00623,0.00048,0.00003,0.00028,0.00000,0.00372,0.01073
1700030416.539049386978149,0.00667,0.00043,0.00068,0.00003,0.00000,0.00178,0.00958
1700030416.605481386184692,0.00693,0.00029,0.00051,0.00014,0.00039,0.00213,0.01039
1700030416.671909093856812,0.00706,0.00034,0.00110,0.00004,0.00430,0.00096,0.01381
1700030416.738332033157349,0.00769,0.00034,0.00057,0.00000,0.00055,0.00199,0.01113
1700030416.804750442504883,0.00491,0.00029,0.00040,0.00013,0.00150,0.00215,0.00937
1700030416.871164560317993,0.00782,0.00044,0.00036,0.00004,0.00064,0.00153,0.01083
1700030416.937573671340942,0.00667,0.00027,0.00022,0.00003,0.00029,0.00172,0.00920
1700030417.003978490829468,0.00714,0.00030,0.00027,0.00000,0.00026,0.00201,0.00997
1700030417.070378780364990,0.00755,0.00046,0.00070,0.00011,0.00047,0.00281,0.01209
1700030417.136712074279785,0.00700,0.00036,0.00013,0.00011,0.00000,0.00276,0.01036
1700030417.203898191452026,0.00748,0.00027,0.00059,0.00003,0.00000,0.00199,0.01036
1700030417.271088600158691,0.00695,0.00031,0.00060,0.00010,0.00000,0.00247,0.01043
1700030417.338284015655518,0.00683,0.00042,0.00017,0.00014,0.00000,0.00186,0.00942
1700030417.405483722686768,0.00581,0.00037,0.00029,0.00010,0.00054,0.00282,0.00993
1700030417.472688198089600,0.00658,0.00027,0.00040,0.00008,0.00502,0.00198,0.01433
1700030417.539897203445435,0.00951,0.00048,0.00165,0.00014,0.00000,0.00201,0.01379
1700030417.607110977172852,0.00902,0.00073,0.00036,0.00005,0.00026,0.00155,0.01198
1700030417.674329280853271,0.00789,0.00043,0.00063,0.00016,0.00149,0.00148,0.01208
1700030417.741552591323853,0.00499,0.00032,0.00058,0.00012,0.00000,0.00243,0.00843
1700030417.808780193328857,0.00600,0.00030,0.00055,0.00004,0.00049,0.00228,0.00966
1700030417.876012563705444,0.00623,0.00051,0.00135,0.00005,0.00000,0.00264,0.01078
1700030417.943249464035034,0.00583,0.00030,0.00053,0.00000,0.00041,0.00212,0.00918
1700030418.010490894317627,0.00801,0.00021,0.00025,0.00006,0.00000,0.00163,0.01016
1700030418.077737331390381,0.00520,0.00036,0.00032,0.00010,0.00000,0.00259,0.00856
1700030418.144988298416138,0.00794,0.00039,0.00057,0.00002,0.00000,0.00162,0.01054
1700030418.211922407150269,0.00966,0.00021,0.00032,0.00006,0.00086,0.00159,0.01271
1700030418.279016733169556,0.00576,0.00036,0.00020,0.00003,0.00475,0.00210,0.01319
1700030418.346114158630371,0.00510,0.00032,0.00016,0.00000,0.00012,0.00226,0.00796
1700030418.413215160369873,0.00519,0.00032,0.00031,0.00010,0.00078,0.00236,0.00905
1700030418.480319023132324,0.00835,0.00023,0.00054,0.00002,0.00025,0.00172,0.01111
1700030418.547425985336304,0.00706,0.00030,0.00074,0.00002,0.00080,0.00179,0.01071
1700030418.614536285400391,0.00460,0.00024,0.00030,0.00000,0.00025,0.00180,0.00720
1700030418.681649684906006,0.00758,0.00024,0.00040,0.00002,0.00000,0.00181,0.01006
1700030418.748766183853149,0.00598,0.00036,0.00004,0.00005,0.00042,0.00282,0.00967
1700030418.815885782241821,0.00730,0.00035,0.00038,0.00000,0.00022,0.00217,0.01043
1700030418.883008718490601,0.00643,0.00036,0.00039,0.00002,0.00000,0.00180,0.00900
1700030418.950134754180908,0.00584,0.00042,0.00058,0.00008,0.00033,0.00200,0.00925
1700030419.017263889312744,0.00918,0.00044,0.00032,0.00005,0.00056,0.00124,0.01180
1700030419.084395885467529,0.00906,0.00026,0.00053,0.00003,0.00335,0.00168,0.01491
1700030419.151531457901001,0.00723,0.00038,0.00025,0.00000,0.00015,0.00235,0.01035
1700030419.218990325927734,0.00686,0.00030,0.00059,0.00000,0.00263,0.00217,0.01255
1700030419.285211563110352,0.00543,0.00032,0.00045,0.00000,0.00000,0.00223,0.00844
1700030419.351424932479858,0.00597,0.00029,0.00025,0.00000,0.00192,0.00222,0.01065
1700030419.417630434036255,0.00574,0.00029,0.00045,0.00000,0.00019,0.00225,0.00892
1700030419.483827352523804,0.00463,0.00024,0.00026,0.00000,0.00000,0.00179,0.00693
1700030419.550016641616821,0.00844,0.00037,0.00090,0.00000,0.00040,0.00154,0.01166
1700030419.616197586059570,0.00791,0.00028,0.00031,0.00000,0.00000,0.00229,0.01080
1700030419.682370185852051,0.00741,0.00041,0.00064,0.00000,0.00018,0.00169,0.01034
1700030419.748534917831421,0.00618,0.00047,0.00080,0.00000,0.00130,0.00218,0.01092
1700030419.814691305160522,0.00737,0.00029,0.00115,0.00000,0.00074,0.00177,0.01131
1700030419.880839824676514,0.00582,0.00029,0.00013,0.00000,0.00318,0.00246,0.01189
1700030419.946979999542236,0.00486,0.00038,0.00029,0.00000,0.00000,0.00278,0.00832
1700030420.013112068176270,0.00908,0.00048,0.00055,0.00000,0.00146,0.00141,0.01298
1700030420.079236030578613,0.00428,0.00024,0.00055,0.00000,0.00024,0.00181,0.00713
1700030420.145352125167847,0.00539,0.00023,0.00024,0.00000,0.00130,0.00187,0.00903
1700030420.211422681808472,0.00489,0.00029,0.00051,0.00000,0.00019,0.00188,0.00775
1700030420.277641057968140,0.00442,0.00027,0.00023,0.00000,0.00000,0.00175,0.00668
1700030420.343851327896118,0.00579,0.00032,0.00044,0.00000,0.00114,0.00190,0.00959
1700030420.410053730010986,0.00711,0.00023,0.00061,0.00000,0.00000,0.00180,0.00975
1700030420.476247787475586,0.00602,0.00028,0.00027,0.00000,0.00000,0.00220,0.00878
1700030420.542433738708496,0.00626,0.00035,0.00015,0.00000,0.00099,0.00249,0.01025
1700030420.608611822128296,0.00942,0.00035,0.00018,0.00000,0.00116,0.00191,0.01302
1700030420.674781799316406,0.00458,0.00026,0.00074,0.00000,0.00255,0.00242,0.01054
1700030420.740943670272827,0.00622,0.00043,0.00035,0.00000,0.00112,0.00225,0.01036
1700030420.807097434997559,0.00587,0.00043,0.00023,0.00000,0.00174,0.00298,0.01125
1700030420.873242855072021,0.00828,0.00041,0.00017,0.00000,0.00111,0.00322,0.01319
1700030420.939380645751953,0.00732,0.00027,0.00024,0.00000,0.00122,0.00213,0.01119
1700030421.005510091781616,0.00495,0.00029,0.00061,0.00000,0.00048,0.00202,0.00835
1700030421.071631431579590,0.00731,0.00029,0.00033,0.00000,0.00000,0.00243,0.01035
1700030421.137744903564453,0.00569,0.00038,0.00026,0.00000,0.00351,0.00164,0.01148
1700030421.203813076019287,0.00720,0.00031,0.00019,0.00000,0.00000,0.00257,0.01027
1700030421.270029783248901,0.00609,0.00034,0.00040,0.00000,0.00000,0.00268,0.00951
1700030421.336238861083984,0.00652,0.00037,0.00046,0.00000,0.00097,0.00263,0.01095
1700030421.402439594268799,0.00650,0.00032,0.00065,0.00000,0.00073,0.00260,0.01080
1700030421.468632459640503,0.00823,0.00036,0.00035,0.00000,0.00248,0.00148,0.01290
1700030421.534817457199097,0.00656,0.00036,0.00047,0.00000,0.00000,0.00298,0.01036
1700030421.600994110107422,0.00636,0.00038,0.00124,0.00000,0.00118,0.00309,0.01225
1700030421.667162895202637,0.00528,0.00031,0.00121,0.00000,0.00114,0.00179,0.00974
1700030421.733323812484741,0.00483,0.00023,0.00017,0.00000,0.00008,0.00187,0.00719
1700030421.799476385116577,0.00691,0.00032,0.00065,0.00000,0.00128,0.00254,0.01170
1700030421.865621089935303,0.00678,0.00046,0.00056,0.00000,0.00000,0.00334,0.01114
1700030421.931757926940918,0.00836,0.00023,0.00018,0.00000,0.00139,0.00162,0.01178
1700030421.997886419296265,0.00712,0.00047,0.00069,0.00000,0.00000,0.00234,0.01062
1700030422.064007043838501,0.00417,0.00029,0.00026,0.00000,0.00000,0.00215,0.00687
1700030422.130119562149048,0.00644,0.00039,0.00053,0.00000,0.00073,0.00285,0.01094
1700030422.196187734603882,0.00718,0.00028,0.00064,0.00000,0.00126,0.00215,0.01151
1700030422.262404441833496,0.00428,0.00023,0.00094,0.00000,0.00186,0.00192,0.00923
1700030422.328613519668579,0.00843,0.00026,0.00100,0.00000,0.00000,0.00209,0.01178
1700030422.394814729690552,0.00629,0.00025,0.00040,0.00000,0.00026,0.00187,0.00906
1700030422.461007833480835,0.00695,0.00045,0.00025,0.00000,0.00163,0.00232,0.01160
1700030422.527192831039429,0.00708,0.00032,0.00069,0.00000,0.00012,0.00258,0.01079
1700030422.593370199203491,0.00528,0.00033,0.00016,0.00000,0.00183,0.00255,0.01015
1700030422.659539461135864,0.00612,0.00044,0.00121,0.00000,0.00119,0.00343,0.01239
1700030422.725700855255127,0.00826,0.00024,0.00078,0.00000,0.00205,0.00191,0.01324
1700030422.791854143142700,0.00583,0.00028,0.00062,0.00004,0.00000,0.00213,0.00890
1700030422.857999801635742,0.00719,0.00026,0.00179,0.00009,0.00000,0.00207,0.01141
1700030422.924137353897095,0.01037,0.00032,0.00074,0.00010,0.00034,0.00260,0.01446
1700030422.990266799926758,0.00593,0.00035,0.00043,0.00010,0.00051,0.00259,0.00991
1700030423.056388616561890,0.00506,0.00042,0.00034,0.00008,0.00721,0.00233,0.01544
1700030423.122502326965332,0.00739,0.00027,0.00091,0.00007,0.00000,0.00212,0.01077
1700030423.188572168350220,0.00966,0.00021,0.00017,0.00019,0.00015,0.00165,0.01202
1700030423.254790544509888,0.00600,0.00036,0.00036,0.00038,0.00080,0.00257,0.01046
1700030423.321000814437866,0.00474,0.00025,0.00018,0.00020,0.00008,0.00186,0.00732
1700030423.387203216552734,0.00521,0.00032,0.00065,0.00022,0.00190,0.00294,0.01124
1700030423.453397989273071,0.00864,0.00022,0.00061,0.00009,0.00021,0.00169,0.01146
1700030423.519584655761719,0.00682,0.00031,0.00084,0.00003,0.00121,0.00219,0.01139
1700030423.585763692855835,0.00780,0.00033,0.00005,0.00021,0.00004,0.00197,0.01040
1700030423.639916896820068,0.00327,0.00018,0.00039,0.00011,0.00042,0.00158,0.00595
1700030423.706050157546997,0.00750,0.00039,0.00063,0.00021,0.00079,0.00288,0.01241
1700030423.772175073623657,0.00690,0.00026,0.00032,0.00015,0.00083,0.00205,0.01050
1700030423.838291406631470,0.00735,0.00028,0.00116,0.00015,0.00268,0.00211,0.01373
1700030423.904400825500488,0.00662,0.00026,0.00013,0.00021,0.00000,0.00217,0.00939
1700030423.970502614974976,0.00435,0.00026,0.00049,0.00020,0.00096,0.00204,0.00831
1700030424.036596536636353,0.00684,0.00031,0.00044,0.00029,0.00035,0.00231,0.01056
1700030424.102682352066040,0.00603,0.00030,0.00201,0.00018,0.00010,0.00221,0.01084
1700030424.168760538101196,0.00948,0.00024,0.00028,0.00014,0.00278,0.00191,0.01483
1700030424.234892845153809,0.00814,0.00027,0.00028,0.00029,0.00009,0.00218,0.01125
1700030424.301073551177979,0.00706,0.00034,0.00143,0.00033,0.00348,0.00170,0.01434
1700030424.367247343063354,0.00590,0.00037,0.00082,0.00059,0.00134,0.00290,0.01192
1700030424.433413505554199,0.00464,0.00032,0.00033,0.00060,0.00000,0.00227,0.00816
1700030424.499572038650513,0.00678,0.00028,0.00081,0.00052,0.00126,0.00212,0.01176
1700030424.565722703933716,0.00819,0.00049,0.00340,0.00101,0.00397,0.00101,0.01808
1700030424.631865739822388,0.00733,0.00035,0.00110,0.00089,0.00261,0.00180,0.01408
1700030424.698000907897949,0.00674,0.00036,0.00033,0.00089,0.00000,0.00193,0.01024
1700030424.764127731323242,0.00831,0.00022,0.00020,0.00052,0.00000,0.00175,0.01100
1700030424.830247402191162,0.00615,0.00041,0.00147,0.00049,0.00033,0.00214,0.01099
1700030424.896359682083130,0.00665,0.00027,0.00058,0.00041,0.00966,0.00141,0.01898
1700030424.962463855743408,0.00696,0.00046,0.00136,0.00249,0.00052,0.00138,0.01317
1700030425.028560638427734,0.00992,0.00040,0.00124,0.00078,0.00004,0.00143,0.01380
1700030425.094649553298950,0.00729,0.00039,0.00012,0.00056,0.00055,0.00150,0.01040
1700030425.160729885101318,0.00595,0.00043,0.00034,0.00116,0.00000,0.00229,0.01017
1700030425.227025985717773,0.00858,0.00029,0.00063,0.00059,0.00323,0.00204,0.01536
1700030425.308249235153198,0.00601,0.00039,0.00183,0.00050,0.00024,0.00170,0.01067
1700030425.375658273696899,0.00896,0.00037,0.00024,0.00044,0.00020,0.00173,0.01194
1700030425.443079471588135,0.00725,0.00028,0.00060,0.00032,0.00150,0.00173,0.01168
1700030425.510513544082642,0.00872,0.00041,0.00123,0.00025,0.00371,0.00139,0.01572
1700030425.577960252761841,0.00796,0.00024,0.00039,0.00042,0.00000,0.00166,0.01065
1700030425.645419597625732,0.00508,0.00022,0.00147,0.00016,0.00027,0.00162,0.00883
1700030425.712891817092896,0.00611,0.00030,0.00084,0.00016,0.00059,0.00223,0.01024
1700030425.767077922821045,0.00378,0.00017,0.00034,0.00012,0.00064,0.00147,0.00653
1700030425.834540367126465,0.00766,0.00037,0.00177,0.00010,0.00006,0.00177,0.01172
1700030425.902015686035156,0.00639,0.00028,0.00242,0.00011,0.00026,0.00189,0.01135
1700030425.969503402709961,0.00868,0.00032,0.00151,0.00015,0.00000,0.00249,0.01314
1700030426.037003993988037,0.00609,0.00034,0.00017,0.00014,0.00012,0.00252,0.00938
1700030426.104516029357910,0.00518,0.00033,0.00028,0.00014,0.00545,0.00200,0.01338
1700030426.172041893005371,0.00762,0.00053,0.00051,0.00052,0.00023,0.00279,0.01222
1700030426.238824367523193,0.00570,0.00043,0.00043,0.00036,0.00160,0.00322,0.01175
1700030426.305226802825928,0.00758,0.00027,0.00048,0.00019,0.00025,0.00204,0.01081
1700030426.371417999267578,0.00915,0.00021,0.00055,0.00015,0.00047,0.00166,0.01220
1700030426.437601804733276,0.00610,0.00030,0.00133,0.00017,0.00070,0.00233,0.01094
1700030426.503777265548706,0.00717,0.00041,0.00245,0.00011,0.00032,0.00149,0.01195
1700030426.569946527481079,0.00864,0.00047,0.00198,0.00012,0.00360,0.00129,0.01611
1700030426.636108398437500,0.00570,0.00031,0.00205,0.00022,0.00024,0.00237,0.01090
1700030426.702263116836548,0.00880,0.00024,0.00141,0.00018,0.00620,0.00188,0.01871
1700030426.768410444259644,0.00545,0.00034,0.00098,0.00088,0.00000,0.00253,0.01018
1700030426.834550619125366,0.00724,0.00030,0.00063,0.00069,0.00009,0.00239,0.01133
1700030426.900683164596558,0.00683,0.00045,0.00055,0.00100,0.00035,0.00226,0.01144
1700030426.966807603836060,0.00639,0.00043,0.00130,0.00058,0.00018,0.00221,0.01108
1700030427.032925605773926,0.00839,0.00022,0.00071,0.00016,0.00200,0.00172,0.01320
1700030427.099036455154419,0.00596,0.00027,0.00193,0.00024,0.00353,0.00218,0.01411
1700030427.165139913558960,0.01023,0.00062,0.00121,0.00023,0.00046,0.00142,0.01417
1700030427.231235980987549,0.00810,0.00024,0.00044,0.00023,0.00032,0.00201,0.01134
1700030427.297385931015015,0.00565,0.00036,0.00056,0.00035,0.00387,0.00204,0.01284
1700030427.363585472106934,0.00551,0.00030,0.00196,0.00033,0.00248,0.00183,0.01240
1700030427.429776906967163,0.00758,0.00028,0.00030,0.00053,0.00014,0.00213,0.01097
1700030427.495961904525757,0.00661,0.00038,0.00011,0.00072,0.00021,0.00177,0.00981
1700030427.562140226364136,0.00442,0.00025,0.00024,0.00040,0.00029,0.00189,0.00748
1700030427.628311395645142,0.00862,0.00033,0.00048,0.00037,0.00008,0.00267,0.01256
1700030427.694475412368774,0.00472,0.00029,0.00174,0.00042,0.00020,0.00188,0.00925
1700030427.760632038116455,0.01091,0.00031,0.00128,0.00015,0.00007,0.00130,0.01403
1700030427.826781034469604,0.00596,0.00029,0.00023,0.00029,0.00569,0.00153,0.01399
1700030427.892923831939697,0.00756,0.00044,0.00239,0.00082,0.00038,0.00133,0.01292
1700030427.959059238433838,0.00715,0.00044,0.00084,0.00046,0.00059,0.00189,0.01138
1700030428.025187969207764,0.00381,0.00025,0.00020,0.00034,0.00032,0.00200,0.00692
1700030428.091309309005737,0.00674,0.00034,0.00101,0.00028,0.00040,0.00188,0.01066
1700030428.157423734664917,0.00642,0.00037,0.00058,0.00026,0.00484,0.00232,0.01480
1700030428.223531007766724,0.00837,0.00028,0.00044,0.00018,0.00006,0.00221,0.01155
1700030428.289833307266235,0.00682,0.00029,0.00214,0.00013,0.00030,0.00211,0.01180
1700030428.356451988220215,0.00973,0.00057,0.00265,0.00003,0.00023,0.00134,0.01455
1700030428.422951459884644,0.01162,0.00020,0.00092,0.00002,0.00002,0.00155,0.01433
1700030428.489448070526123,0.00625,0.00032,0.00078,0.00000,0.00432,0.00159,0.01327
1700030428.555941104888916,0.00830,0.00025,0.00061,0.00008,0.00049,0.00188,0.01162
1700030428.622431039810181,0.01027,0.00019,0.00061,0.00006,0.00344,0.00146,0.01603
1700030428.688917875289917,0.00577,0.00039,0.00051,0.00036,0.00042,0.00193,0.00938
1700030428.755400419235229,0.00840,0.00022,0.00032,0.00017,0.00052,0.00175,0.01140
1700030428.821880817413330,0.00597,0.00036,0.00045,0.00022,0.00050,0.00287,0.01035
1700030428.888358116149902,0.00390,0.00026,0.00159,0.00005,0.00027,0.00180,0.00787
1700030428.954832315444946,0.01068,0.00048,0.00107,0.00006,0.00051,0.00112,0.01392
1700030429.021302938461304,0.00545,0.00030,0.00082,0.00005,0.00007,0.00224,0.00893
1700030429.087770700454712,0.00830,0.00023,0.00047,0.00000,0.00020,0.00175,0.01096
1700030429.154234170913696,0.00497,0.00031,0.00024,0.00000,0.00513,0.00187,0.01252
1700030429.220695495605469,0.00650,0.00037,0.00092,0.00027,0.00000,0.00281,0.01087
1700030429.287169218063354,0.00847,0.00036,0.00028,0.00031,0.00014,0.00179,0.01136
1700030429.353912830352783,0.00845,0.00038,0.00046,0.00011,0.00008,0.00161,0.01111
1700030429.420545816421509,0.00883,0.00027,0.00020,0.00012,0.00031,0.00213,0.01186
1700030429.487182855606079,0.00424,0.00024,0.00006,0.00014,0.00088,0.00205,0.00761
1700030429.553823709487915,0.00889,0.00048,0.00139,0.00013,0.00167,0.00141,0.01398
1700030429.620467662811279,0.00857,0.00024,0.00197,0.00010,0.00023,0.00158,0.01268
1700030429.687116861343384,0.00903,0.00022,0.00044,0.00009,0.00089,0.00181,0.01247
1700030429.753770351409912,0.00406,0.00023,0.00088,0.00009,0.00058,0.00176,0.00761
1700030429.820427417755127,0.00725,0.00023,0.00082,0.00003,0.00347,0.00182,0.01362
1700030429.887088775634766,0.00930,0.00022,0.00049,0.00006,0.00018,0.00178,0.01203
1700030429.953754425048828,0.00685,0.00040,0.00017,0.00008,0.00323,0.00149,0.01222
1700030430.020423889160156,0.00930,0.00027,0.00014,0.00006,0.00119,0.00201,0.01297
1700030430.087096452713013,0.00827,0.00048,0.00036,0.00062,0.00029,0.00154,0.01157
1700030430.153774261474609,0.00747,0.00031,0.00189,0.00012,0.00438,0.00216,0.01632
1700030430.220455884933472,0.00951,0.00042,0.00038,0.00034,0.00045,0.00177,0.01287
1700030430.287002086639404,0.00551,0.00034,0.00043,0.00027,0.00082,0.00185,0.00921
1700030430.353129148483276,0.00530,0.00033,0.00067,0.00040,0.00090,0.00349,0.01109
1700030430.419414758682251,0.00772,0.00024,0.00061,0.00006,0.00161,0.00193,0.01216
1700030430.485694169998169,0.00854,0.00049,0.00070,0.00017,0.00055,0.00226,0.01270
1700030430.551969289779663,0.00825,0.00038,0.00032,0.00016,0.00051,0.00178,0.01140
1700030430.618238925933838,0.00799,0.00036,0.00032,0.00010,0.00009,0.00183,0.01069
1700030430.684503555297852,0.00810,0.00028,0.00083,0.00011,0.00000,0.00201,0.01133
1700030430.750762939453125,0.00768,0.00044,0.00138,0.00006,0.00211,0.00146,0.01314
1700030430.817016839981079,0.01032,0.00042,0.00006,0.00000,0.00029,0.00180,0.01290
1700030430.883265733718872,0.00739,0.00026,0.00031,0.00000,0.00032,0.00222,0.01051
1700030430.949508190155029,0.00705,0.00033,0.00092,0.00000,0.00134,0.00257,0.01222
1700030431.015746593475342,0.00763,0.00032,0.00057,0.00000,0.00068,0.00232,0.01151
1700030431.081979513168335,0.00913,0.00030,0.00032,0.00000,0.00093,0.00166,0.01236
1700030431.148207187652588,0.00686,0.00044,0.00018,0.00000,0.00041,0.00188,0.00977
1700030431.214429616928101,0.00791,0.00024,0.00031,0.00000,0.00369,0.00193,0.01408
1700030431.280842304229736,0.00641,0.00036,0.00306,0.00008,0.00143,0.00303,0.01437
1700030431.347757816314697,0.00822,0.00053,0.00139,0.00010,0.00027,0.00154,0.01205
1700030431.414487123489380,0.00420,0.00028,0.00051,0.00004,0.00014,0.00212,0.00730
1700030431.481223106384277,0.00908,0.00040,0.00033,0.00000,0.00007,0.00185,0.01173
1700030431.547964811325073,0.00804,0.00073,0.00146,0.00000,0.00333,0.00111,0.01468
1700030431.614712476730347,0.00303,0.00016,0.00046,0.00002,0.00064,0.00129,0.00561
1700030431.681465864181519,0.00428,0.00030,0.00052,0.00018,0.00000,0.00388,0.00916
1700030431.748224735260010,0.00667,0.00029,0.00058,0.00008,0.00065,0.00222,0.01050
1700030431.814988851547241,0.00695,0.00048,0.00003,0.00016,0.00561,0.00144,0.01467
1700030431.881759405136108,0.00400,0.00028,0.00002,0.00007,0.00080,0.00214,0.00731
1700030431.948536157608032,0.00765,0.00038,0.00040,0.00016,0.00100,0.00296,0.01253
1700030432.015318393707275,0.00635,0.00043,0.00063,0.00006,0.00048,0.00212,0.01006
1700030432.082106351852417,0.00610,0.00023,0.00024,0.00007,0.00054,0.00186,0.00904
1700030432.148900508880615,0.00401,0.00021,0.00017,0.00006,0.00031,0.00207,0.00683
1700030432.215700149536133,0.00593,0.00035,0.00172,0.00009,0.00640,0.00137,0.01587
1700030432.282278776168823,0.00723,0.00024,0.00058,0.00006,0.00049,0.00196,0.01056
1700030432.348790884017944,0.00738,0.00030,0.00059,0.00014,0.00046,0.00237,0.01125
1700030432.415942668914795,0.00646,0.00030,0.00047,0.00013,0.00022,0.00244,0.01002
1700030432.483100414276123,0.00788,0.00028,0.00024,0.00010,0.00029,0.00222,0.01100
1700030432.550264358520508,0.00721,0.00052,0.00077,0.00000,0.00092,0.00165,0.01108
1700030432.617434024810791,0.00783,0.00030,0.00107,0.00000,0.00079,0.00235,0.01233
1700030432.684610128402710,0.00825,0.00023,0.00016,0.00000,0.00215,0.00198,0.01277
1700030432.751791000366211,0.00976,0.00021,0.00015,0.00000,0.00060,0.00157,0.01229
1700030432.818979024887085,0.00354,0.00021,0.00028,0.00000,0.00127,0.00165,0.00695
1700030432.886173009872437,0.00628,0.00031,0.00045,0.00000,0.00068,0.00241,0.01014
1700030432.953372955322266,0.00831,0.00036,0.00042,0.00000,0.00041,0.00316,0.01266
1700030433.020579099655151,0.00555,0.00027,0.00046,0.00000,0.00039,0.00215,0.00883
1700030433.087791204452515,0.00606,0.00038,0.00186,0.00000,0.00137,0.00173,0.01140
1700030433.155008316040039,0.00835,0.00050,0.00133,0.00005,0.00166,0.00157,0.01347
1700030433.222232341766357,0.00680,0.00032,0.00114,0.00019,0.00131,0.00256,0.01231
1700030433.289462566375732,0.00613,0.00060,0.00198,0.00015,0.00000,0.00175,0.01061
1700030433.356695652008057,0.00480,0.00026,0.00058,0.00017,0.00106,0.00209,0.00896
1700030433.423523902893066,0.00745,0.00032,0.00112,0.00027,0.00559,0.00105,0.01579
1700030433.490631580352783,0.00652,0.00036,0.00055,0.00073,0.00441,0.00141,0.01398
1700030433.557749509811401,0.00736,0.00031,0.00038,0.00087,0.00205,0.00161,0.01257
1700030433.624876976013184,0.00717,0.00046,0.00065,0.00131,0.00081,0.00189,0.01229
1700030433.692015647888184,0.00792,0.00051,0.00022,0.00096,0.00208,0.00178,0.01347
1700030433.759165048599243,0.00521,0.00037,0.00088,0.00116,0.00039,0.00247,0.01049
1700030433.826324701309204,0.00674,0.00039,0.00051,0.00075,0.00049,0.00187,0.01076
1700030433.893495082855225,0.00866,0.00038,0.00236,0.00047,0.00500,0.00149,0.01836
1700030433.960675716400146,0.00520,0.00026,0.00013,0.00093,0.00311,0.00183,0.01146
1700030434.027866840362549,0.00675,0.00041,0.00003,0.00172,0.00026,0.00330,0.01246
1700030434.095067501068115,0.00595,0.00044,0.00089,0.00133,0.00000,0.00253,0.01115
1700030434.162279605865479,0.00798,0.00038,0.00026,0.00126,0.00191,0.00157,0.01335
1700030434.229501962661743,0.00582,0.00032,0.00071,0.00119,0.00018,0.00239,0.01061
1700030434.296735048294067,0.00705,0.00034,0.00134,0.00134,0.00398,0.00111,0.01515
1700030434.363978624343872,0.00633,0.00035,0.00090,0.00183,0.00032,0.00264,0.01237
1700030434.430984020233154,0.00779,0.00027,0.00203,0.00128,0.00077,0.00195,0.01409
1700030434.497754096984863,0.00706,0.00031,0.00214,0.00162,0.00030,0.00215,0.01358
1700030434.564531326293945,0.00299,0.00015,0.00001,0.00068,0.00012,0.00098,0.00492
1700030434.631315231323242,0.00293,0.00018,0.00005,0.00084,0.00033,0.00431,0.00864
1700030434.698105335235596,0.00792,0.00033,0.00117,0.00083,0.00039,0.00157,0.01221
1700030434.764901876449585,0.00798,0.00027,0.00112,0.00058,0.00039,0.00209,0.01243
1700030434.831704854965210,0.00788,0.00027,0.00136,0.00045,0.00015,0.00161,0.01174
1700030434.898514509201050,0.00703,0.00029,0.00111,0.00049,0.00041,0.00236,0.01169
1700030434.965329408645630,0.00917,0.00042,0.00106,0.00047,0.00154,0.00140,0.01407
1700030435.032151699066162,0.00536,0.00038,0.00067,0.00080,0.00015,0.00331,0.01067
1700030435.098980188369751,0.00690,0.00036,0.00248,0.00075,0.00093,0.00211,0.01352
1700030435.165815353393555,0.00859,0.00024,0.00032,0.00051,0.00050,0.00211,0.01228
1700030435.232657194137573,0.00791,0.00037,0.00149,0.00039,0.00043,0.00145,0.01204
1700030435.299505233764648,0.00662,0.00041,0.00100,0.00082,0.00210,0.00220,0.01315
1700030435.366359710693359,0.00871,0.00038,0.00040,0.00095,0.00030,0.00192,0.01267
1700030435.433129310607910,0.00653,0.00027,0.00161,0.00055,0.00024,0.00202,0.01122
1700030435.500065803527832,0.00639,0.00031,0.00061,0.00061,0.00151,0.00189,0.01133
1700030435.567259788513184,0.00786,0.00040,0.00155,0.00055,0.00382,0.00101,0.01519
1700030435.634460210800171,0.00819,0.00040,0.00185,0.00094,0.00016,0.00177,0.01331
1700030435.701667070388794,0.00713,0.00028,0.00210,0.00094,0.00020,0.00193,0.01258
1700030435.768880128860474,0.00861,0.00025,0.00052,0.00075,0.00075,0.00175,0.01262
1700030435.836098670959473,0.00482,0.00025,0.00017,0.00085,0.00057,0.00177,0.00844
1700030435.903324604034424,0.00710,0.00029,0.00024,0.00066,0.00087,0.00183,0.01099
1700030435.970557212829590,0.00697,0.00033,0.00110,0.00111,0.00186,0.00244,0.01382
1700030436.037795782089233,0.00962,0.00045,0.00124,0.00030,0.00036,0.00129,0.01324
1700030436.105041027069092,0.00700,0.00027,0.00218,0.00053,0.00220,0.00200,0.01418
1700030436.172292709350586,0.00840,0.00038,0.00029,0.00041,0.00015,0.00159,0.01123
1700030436.239550828933716,0.00543,0.00035,0.00102,0.00059,0.00519,0.00261,0.01519
1700030436.306814193725586,0.00924,0.00046,0.00431,0.00030,0.00076,0.00098,0.01605
1700030436.374084949493408,0.00924,0.00024,0.00015,0.00058,0.00044,0.00164,0.01230
1700030436.441362380981445,0.00477,0.00028,0.00023,0.00060,0.00090,0.00198,0.00876
1700030436.508172512054443,0.00827,0.00041,0.00104,0.00065,0.00022,0.00155,0.01214
1700030436.574512958526611,0.00692,0.00033,0.00199,0.00074,0.00214,0.00145,0.01358
1700030436.640848636627197,0.00622,0.00030,0.00005,0.00067,0.00008,0.00235,0.00968
1700030436.707179784774780,0.00357,0.00014,0.00058,0.00023,0.00029,0.00106,0.00587
1700030436.773505210876465,0.00706,0.00022,0.00004,0.00041,0.00062,0.00175,0.01010
1700030436.839826822280884,0.00819,0.00023,0.00099,0.00015,0.00109,0.00180,0.01245
1700030436.906144142150879,0.00728,0.00027,0.00070,0.00015,0.00089,0.00216,0.01145
1700030436.972456455230713,0.00541,0.00023,0.00231,0.00018,0.00017,0.00179,0.01009
1700030437.038764476776123,0.00810,0.00025,0.00003,0.00017,0.00132,0.00195,0.01181
1700030437.105067729949951,0.00780,0.00028,0.00038,0.00013,0.00142,0.00224,0.01226
1700030437.171365261077881,0.00561,0.00031,0.00168,0.00014,0.00006,0.00230,0.01009
1700030437.237659215927124,0.00725,0.00039,0.00087,0.00014,0.00484,0.00157,0.01507
1700030437.303948163986206,0.00622,0.00037,0.00109,0.00057,0.00094,0.00171,0.01089
1700030437.370232820510864,0.00697,0.00042,0.00046,0.00064,0.00080,0.00176,0.01106
1700030437.436512947082520,0.00445,0.00017,0.00068,0.00025,0.00004,0.00131,0.00690
1700030437.502828836441040,0.00517,0.00024,0.00229,0.00032,0.00268,0.00144,0.01214
1700030437.569176912307739,0.00688,0.00027,0.00157,0.00052,0.00211,0.00148,0.01283
1700030437.635519266128540,0.00769,0.00034,0.00088,0.00071,0.00146,0.00250,0.01357
1700030437.701858043670654,0.00875,0.00093,0.00202,0.00040,0.00319,0.00135,0.01664
1700030437.768192291259766,0.01035,0.00022,0.00042,0.00070,0.00091,0.00146,0.01406
1700030437.834522008895874,0.00879,0.00035,0.00063,0.00124,0.00041,0.00214,0.01355
1700030437.900846958160400,0.00662,0.00028,0.00013,0.00096,0.00052,0.00211,0.01062
1700030437.967167377471924,0.00709,0.00043,0.00023,0.00128,0.00170,0.00209,0.01282
1700030438.033483505249023,0.00772,0.00031,0.00108,0.00118,0.00159,0.00222,0.01410
1700030438.099793434143066,0.00500,0.00025,0.00093,0.00104,0.00000,0.00180,0.00902
1700030438.166100025177002,0.01112,0.00027,0.00264,0.00075,0.00057,0.00129,0.01664
1700030438.232402324676514,0.00385,0.00016,0.00070,0.00059,0.00003,0.00100,0.00635
1700030438.298699617385864,0.00649,0.00032,0.00028,0.00116,0.00069,0.00220,0.01115
1700030438.364992380142212,0.00560,0.00025,0.00032,0.00091,0.00030,0.00209,0.00948
1700030438.431280851364136,0.00819,0.00054,0.00307,0.00059,0.00071,0.00133,0.01443
1700030438.497602224349976,0.00475,0.00031,0.00012,0.00114,0.00152,0.00198,0.00982
1700030438.563955307006836,0.00884,0.00031,0.00040,0.00104,0.00520,0.00149,0.01729
1700030438.630303621292114,0.00526,0.00031,0.00052,0.00172,0.00009,0.00183,0.00974
1700030438.696647644042969,0.00856,0.00034,0.00303,0.00055,0.00029,0.00120,0.01398
1700030438.762987136840820,0.00583,0.00023,0.00089,0.00075,0.00000,0.00167,0.00937
1700030438.829321861267090,0.00872,0.00044,0.00016,0.00135,0.00043,0.00155,0.01265
1700030438.895651817321777,0.00663,0.00032,0.00089,0.00089,0.00075,0.00163,0.01111
1700030438.961976289749146,0.00443,0.00033,0.00042,0.00091,0.00068,0.00227,0.00903
1700030439.028297424316406,0.00803,0.00034,0.00217,0.00127,0.00011,0.00154,0.01347
1700030439.094613790512085,0.00597,0.00028,0.00015,0.00084,0.00064,0.00234,0.01022
1700030439.160925626754761,0.00737,0.00055,0.00119,0.00159,0.00047,0.00141,0.01259
1700030439.227232694625854,0.00568,0.00040,0.00076,0.00101,0.00000,0.00185,0.00971
1700030439.293535470962524,0.01008,0.00044,0.00229,0.00028,0.00071,0.00091,0.01471
1700030439.359833478927612,0.00951,0.00022,0.00059,0.00047,0.00015,0.00150,0.01243
1700030439.426126003265381,0.00317,0.00022,0.00058,0.00046,0.00008,0.00156,0.00607
1700030439.492452144622803,0.00716,0.00029,0.00053,0.00055,0.00239,0.00172,0.01264
1700030439.558807611465454,0.00392,0.00027,0.00038,0.00078,0.00134,0.00266,0.00935
1700030439.625158786773682,0.00745,0.00034,0.00118,0.00138,0.00030,0.00195,0.01259
1700030439.691504955291748,0.00340,0.00021,0.00024,0.00055,0.00018,0.00146,0.00603
1700030439.757846593856812,0.00641,0.00040,0.00181,0.00096,0.00157,0.00139,0.01253
1700030439.824182748794556,0.00495,0.00026,0.00050,0.00059,0.00115,0.00184,0.00929
1700030439.890515565872192,0.00881,0.00026,0.00167,0.00057,0.00059,0.00170,0.01361
1700030439.956843614578247,0.00777,0.00031,0.00061,0.00075,0.00030,0.00222,0.01196
1700030440.023166894912720,0.00763,0.00029,0.00044,0.00051,0.00000,0.00179,0.01067
1700030440.089485645294189,0.00701,0.00029,0.00028,0.00053,0.00078,0.00213,0.01102
1700030440.155799865722656,0.00782,0.00037,0.00050,0.00055,0.00017,0.00131,0.01072
1700030440.222109317779541,0.00541,0.00028,0.00107,0.00039,0.00103,0.00218,0.01035
1700030440.288413286209106,0.00794,0.00050,0.00044,0.00062,0.00051,0.00194,0.01195
1700030440.354713916778564,0.00381,0.00022,0.00056,0.00026,0.00157,0.00173,0.00815
1700030440.421009540557861,0.00662,0.00032,0.00184,0.00033,0.00045,0.00244,0.01201
1700030440.487337589263916,0.00961,0.00022,0.00118,0.00024,0.00041,0.00169,0.01336
1700030440.553694725036621,0.00692,0.00028,0.00073,0.00027,0.00242,0.00211,0.01272
1700030440.620047330856323,0.00590,0.00033,0.00118,0.00042,0.00008,0.00178,0.00969
1700030440.686394929885864,0.00587,0.00041,0.00193,0.00018,0.00123,0.00254,0.01217
1700030440.752737283706665,0.00839,0.00025,0.00198,0.00016,0.00039,0.00164,0.01280
1700030440.819075822830200,0.00387,0.00022,0.00019,0.00012,0.00004,0.00172,0.00616
1700030440.885409832000732,0.00879,0.00038,0.00176,0.00009,0.00103,0.00168,0.01372
1700030440.951739311218262,0.00453,0.00023,0.00142,0.00013,0.00013,0.00174,0.00818
1700030441.018064022064209,0.00926,0.00020,0.00152,0.00012,0.00019,0.00148,0.01279
1700030441.084383964538574,0.00783,0.00028,0.00025,0.00017,0.00033,0.00204,0.01089
1700030441.150698423385620,0.00653,0.00028,0.00067,0.00016,0.00208,0.00210,0.01183
1700030441.217009305953979,0.00607,0.00027,0.00067,0.00027,0.00024,0.00206,0.00957
1700030441.283315420150757,0.00988,0.00042,0.00073,0.00042,0.00145,0.00150,0.01439
1700030441.349617004394531,0.00733,0.00029,0.00106,0.00024,0.00039,0.00186,0.01117
1700030441.415913820266724,0.00819,0.00037,0.00039,0.00030,0.00009,0.00316,0.01250
1700030441.482451438903809,0.00659,0.00037,0.00041,0.00020,0.00101,0.00178,0.01036
1700030441.549235582351685,0.00611,0.00027,0.00044,0.00012,0.00202,0.00208,0.01103
1700030441.616025209426880,0.00886,0.00054,0.00162,0.00016,0.00102,0.00156,0.01376
1700030441.682821750640869,0.00877,0.00024,0.00030,0.00025,0.00395,0.00179,0.01530
1700030441.749624729156494,0.00452,0.00029,0.00160,0.00062,0.00010,0.00205,0.00920
1700030441.816434144973755,0.00584,0.00038,0.00045,0.00085,0.00069,0.00286,0.01107
1700030441.883249759674072,0.00915,0.00035,0.00089,0.00072,0.00040,0.00242,0.01392
1700030441.950071811676025,0.00733,0.00031,0.00091,0.00049,0.00019,0.00182,0.01105
1700030442.016899824142456,0.00442,0.00030,0.00056,0.00032,0.00387,0.00164,0.01110
1700030442.083733558654785,0.01007,0.00024,0.00077,0.00024,0.00045,0.00184,0.01361
1700030442.150574445724487,0.00404,0.00015,0.00090,0.00008,0.00016,0.00102,0.00634
1700030442.217421531677246,0.00809,0.00024,0.00055,0.00015,0.00005,0.00170,0.01078
1700030442.284275054931641,0.00779,0.00027,0.00017,0.00013,0.00085,0.00153,0.01074
1700030442.351134777069092,0.00525,0.00044,0.00116,0.00026,0.00071,0.00182,0.00963
1700030442.418000936508179,0.00641,0.00030,0.00075,0.00022,0.00082,0.00229,0.01080
1700030442.484653711318970,0.00685,0.00031,0.00046,0.00022,0.00138,0.00170,0.01091
1700030442.551090717315674,0.00546,0.00029,0.00028,0.00031,0.00011,0.00228,0.00874
1700030442.617524623870850,0.00627,0.00027,0.00038,0.00026,0.00067,0.00212,0.00997
1700030442.683954715728760,0.00640,0.00043,0.00061,0.00045,0.00028,0.00181,0.00997
1700030442.750381946563721,0.00760,0.00029,0.00280,0.00017,0.00012,0.00142,0.01240
1700030442.816805362701416,0.00942,0.00021,0.00119,0.00017,0.00226,0.00150,0.01475
1700030442.883225917816162,0.00673,0.00033,0.00051,0.00051,0.00226,0.00137,0.01172
1700030442.949641942977905,0.00648,0.00029,0.00022,0.00046,0.00088,0.00213,0.01046
1700030443.016055345535278,0.00737,0.00028,0.00019,0.00010,0.00020,0.00218,0.01031
1700030443.082465648651123,0.00420,0.00027,0.00047,0.00039,0.00140,0.00206,0.00878
1700030443.148872613906860,0.00728,0.00029,0.00075,0.00036,0.00029,0.00195,0.01092
1700030443.215276241302490,0.00521,0.00040,0.00061,0.00031,0.00008,0.00255,0.00917
1700030443.281676292419434,0.00699,0.00037,0.00116,0.00028,0.00074,0.00280,0.01234
1700030443.348073005676270,0.00798,0.00023,0.00241,0.00014,0.00009,0.00146,0.01231
1700030443.414465665817261,0.00572,0.00029,0.00135,0.00027,0.00072,0.00323,0.01157
1700030443.480881690979004,0.00684,0.00036,0.00049,0.00024,0.00046,0.00278,0.01117
1700030443.547318458557129,0.00713,0.00028,0.00038,0.00016,0.00017,0.00211,0.01024
1700030443.613751411437988,0.00600,0.00032,0.00071,0.00004,0.00037,0.00181,0.00925
1700030443.680181503295898,0.00493,0.00034,0.00119,0.00000,0.00085,0.00257,0.00989
1700030443.746608018875122,0.00554,0.00038,0.00002,0.00000,0.00060,0.00205,0.00859
1700030443.813030004501343,0.00551,0.00031,0.00045,0.00000,0.00018,0.00246,0.00892
1700030443.879449367523193,0.00618,0.00059,0.00169,0.00000,0.00300,0.00158,0.01304
1700030443.945865631103516,0.00651,0.00029,0.00217,0.00013,0.00029,0.00213,0.01151
1700030444.012278556823730,0.00991,0.00042,0.00082,0.00018,0.00000,0.00240,0.01374
1700030444.078687906265259,0.00734,0.00023,0.00076,0.00010,0.00074,0.00179,0.01096
1700030444.145093679428101,0.00814,0.00040,0.00193,0.00015,0.00014,0.00187,0.01263
1700030444.211496353149414,0.00724,0.00058,0.00079,0.00024,0.00335,0.00214,0.01434
1700030444.277894496917725,0.00769,0.00036,0.00176,0.00010,0.00046,0.00269,0.01307
1700030444.344290256500244,0.00751,0.00029,0.00101,0.00011,0.00018,0.00207,0.01117
1700030444.410682439804077,0.00483,0.00027,0.00105,0.00002,0.00015,0.00210,0.00842
1700030444.477179050445557,0.00610,0.00031,0.00085,0.00009,0.00139,0.00227,0.01102
1700030444.543781280517578,0.00608,0.00029,0.00155,0.00011,0.00025,0.00178,0.01006
1700030444.610384225845337,0.01009,0.00021,0.00036,0.00009,0.00012,0.00165,0.01253
1700030444.676988363265991,0.00477,0.00028,0.00015,0.00010,0.00185,0.00196,0.00912
1700030444.743592023849487,0.00569,0.00057,0.00083,0.00009,0.00257,0.00200,0.01176
1700030444.810197830200195,0.00703,0.00036,0.00033,0.00024,0.00000,0.00357,0.01153
1700030444.876804113388062,0.00715,0.00051,0.00293,0.00036,0.00088,0.00136,0.01317
1700030444.943411350250244,0.00585,0.00014,0.00022,0.00009,0.00012,0.00117,0.00760
1700030445.010019540786743,0.00241,0.00014,0.00040,0.00009,0.00063,0.00103,0.00470
1700030445.076628446578979,0.00696,0.00021,0.00179,0.00005,0.00047,0.00155,0.01103
1700030445.143237113952637,0.00903,0.00024,0.00068,0.00015,0.00021,0.00252,0.01283
1700030445.209847688674927,0.00473,0.00026,0.00030,0.00006,0.00015,0.00150,0.00699
1700030445.276458978652954,0.00696,0.00034,0.00021,0.00010,0.00031,0.00198,0.00989
1700030445.343070983886719,0.00754,0.00028,0.00020,0.00002,0.00249,0.00208,0.01261
1700030445.409684181213379,0.00932,0.00019,0.00017,0.00000,0.00012,0.00169,0.01150
1700030445.476271390914917,0.00784,0.00042,0.00043,0.00013,0.00154,0.00276,0.01311
1700030445.543167591094971,0.00683,0.00029,0.00066,0.00009,0.00076,0.00231,0.01094
1700030445.610401630401611,0.01001,0.00022,0.00031,0.00005,0.00000,0.00160,0.01218
1700030445.677643775939941,0.00607,0.00022,0.00130,0.00006,0.00065,0.00168,0.00997
1700030445.744892358779907,0.00898,0.00031,0.00012,0.00009,0.00058,0.00144,0.01151
1700030445.812147617340088,0.00548,0.00032,0.00031,0.00009,0.00013,0.00247,0.00881
1700030445.879410028457642,0.00937,0.00024,0.00025,0.00002,0.00070,0.00172,0.01230
1700030445.946678638458252,0.00549,0.00029,0.00036,0.00008,0.00020,0.00201,0.00843
1700030446.013954401016235,0.00584,0.00030,0.00076,0.00004,0.00429,0.00297,0.01420
1700030446.081235647201538,0.00691,0.00026,0.00039,0.00011,0.00027,0.00193,0.00987
1700030446.148524761199951,0.00426,0.00028,0.00068,0.00027,0.00103,0.00301,0.00953
1700030446.215820312500000,0.00645,0.00048,0.00047,0.00028,0.00134,0.00198,0.01100
1700030446.283122777938843,0.00739,0.00035,0.00333,0.00009,0.00112,0.00243,0.01472
1700030446.350431919097900,0.00930,0.00024,0.00088,0.00006,0.00184,0.00162,0.01394
1700030446.417747735977173,0.00599,0.00038,0.00030,0.00022,0.00031,0.00291,0.01011
1700030446.485069274902344,0.00592,0.00028,0.00019,0.00015,0.00065,0.00205,0.00924
1700030446.551927804946899,0.00815,0.00022,0.00024,0.00009,0.00033,0.00184,0.01087
1700030446.618320703506470,0.00910,0.00022,0.00182,0.00005,0.00137,0.00124,0.01381
1700030446.684709548950195,0.00752,0.00041,0.00102,0.00010,0.00057,0.00257,0.01219
1700030446.751094102859497,0.00605,0.00032,0.00082,0.00009,0.00012,0.00250,0.00990
1700030446.817474126815796,0.00493,0.00036,0.00101,0.00008,0.00108,0.00263,0.01009
1700030446.883849859237671,0.00819,0.00038,0.00327,0.00015,0.00019,0.00110,0.01327
1700030446.950220346450806,0.00712,0.00028,0.00004,0.00009,0.00046,0.00214,0.01014
1700030447.016587972640991,0.00353,0.00021,0.00067,0.00005,0.00005,0.00160,0.00610
1700030447.082950830459595,0.00560,0.00030,0.00170,0.00000,0.00259,0.00170,0.01190
1700030447.149309873580933,0.00768,0.00026,0.00034,0.00000,0.00033,0.00211,0.01072
1700030447.215664386749268,0.00512,0.00026,0.00065,0.00000,0.00021,0.00206,0.00831
1700030447.282014608383179,0.00757,0.00029,0.00096,0.00000,0.00048,0.00237,0.01167
1700030447.348360538482666,0.00842,0.00024,0.00091,0.00000,0.00014,0.00183,0.01155
1700030447.414701223373413,0.00769,0.00050,0.00119,0.00000,0.00119,0.00147,0.01204
1700030447.481038570404053,0.00905,0.00028,0.00075,0.00000,0.00044,0.00240,0.01293
1700030447.547405242919922,0.00563,0.00026,0.00042,0.00000,0.00009,0.00219,0.00859
1700030447.613799095153809,0.00526,0.00035,0.00182,0.00000,0.00013,0.00258,0.01013
1700030447.680188417434692,0.00527,0.00049,0.00159,0.00000,0.00251,0.00168,0.01154
1700030447.746573448181152,0.00611,0.00037,0.00082,0.00010,0.00046,0.00284,0.01070
1700030447.812953233718872,0.00418,0.00020,0.00120,0.00000,0.00005,0.00160,0.00723
1700030447.879329681396484,0.00932,0.00020,0.00069,0.00000,0.00061,0.00158,0.01240
1700030447.945701599121094,0.00601,0.00033,0.00075,0.00000,0.00110,0.00255,0.01076
1700030448.012069463729858,0.00634,0.00029,0.00168,0.00003,0.00199,0.00141,0.01174
1700030448.078432798385620,0.00343,0.00016,0.00080,0.00000,0.00021,0.00121,0.00581
1700030448.144792318344116,0.00461,0.00019,0.00019,0.00000,0.00007,0.00160,0.00666
1700030448.211147069931030,0.00328,0.00018,0.00032,0.00000,0.00170,0.00150,0.00699
1700030448.277496576309204,0.00633,0.00044,0.00074,0.00011,0.00062,0.00234,0.01058
1700030448.343842983245850,0.00403,0.00025,0.00018,0.00002,0.00008,0.00249,0.00706
1700030448.410184860229492,0.00466,0.00016,0.00044,0.00004,0.00013,0.00132,0.00675
1700030448.476522684097290,0.00250,0.00013,0.00014,0.00003,0.00006,0.00109,0.00397
1700030448.543102502822876,0.00237,0.00013,0.00015,0.00001,0.00015,0.00106,0.00386
1700030448.609930992126465,0.00348,0.00023,0.00072,0.00000,0.00020,0.00132,0.00595
1700030448.676765918731689,0.00229,0.00013,0.00080,0.00000,0.00038,0.00106,0.00466
1700030448.743607044219971,0.00329,0.00014,0.00022,0.00000,0.00020,0.00105,0.00490
1700030448.810455799102783,0.00242,0.00013,0.00016,0.00000,0.00047,0.00106,0.00423
1700030448.877311229705811,0.00240,0.00013,0.00024,0.00000,0.00051,0.00126,0.00454
1700030448.944173812866211,0.00217,0.00013,0.00012,0.00000,0.00005,0.00110,0.00357
1700030449.011043310165405,0.00232,0.00013,0.00023,0.00000,0.00064,0.00106,0.00437
1700030449.077919244766235,0.00273,0.00013,0.00033,0.00000,0.00019,0.00108,0.00446
1700030449.144801139831543,0.00222,0.00014,0.00020,0.00000,0.00034,0.00109,0.00399
1700030449.211690902709961,0.00373,0.00013,0.00059,0.00000,0.00005,0.00112,0.00563
1700030449.278587341308594,0.00302,0.00014,0.00095,0.00000,0.00007,0.00104,0.00522
1700030449.345490694046021,0.00297,0.00015,0.00004,0.00000,0.00019,0.00106,0.00441
1700030449.412400960922241,0.00242,0.00013,0.00016,0.00000,0.00003,0.00106,0.00380
1700030449.479317903518677,0.00483,0.00031,0.00100,0.00000,0.00431,0.00175,0.01221
1700030449.546117544174194,0.00807,0.00027,0.00027,0.00004,0.00043,0.00223,0.01131
1700030449.612798213958740,0.00756,0.00038,0.00061,0.00012,0.00118,0.00238,0.01224
1700030449.679482221603394,0.00717,0.00029,0.00004,0.00010,0.00046,0.00240,0.01045
1700030449.746168375015259,0.00616,0.00033,0.00002,0.00011,0.00013,0.00262,0.00938
1700030449.812857389450073,0.00654,0.00037,0.00132,0.00000,0.00165,0.00201,0.01189
1700030449.879548549652100,0.00970,0.00055,0.00047,0.00000,0.00073,0.00211,0.01357
1700030449.946242094039917,0.00601,0.00026,0.00066,0.00000,0.00027,0.00206,0.00926
1700030450.012938261032104,0.00711,0.00029,0.00052,0.00000,0.00010,0.00239,0.01042
1700030450.079635381698608,0.00444,0.00026,0.00018,0.00000,0.00181,0.00210,0.00881
1700030450.146336078643799,0.00688,0.00029,0.00095,0.00003,0.00036,0.00226,0.01077
1700030450.213039398193359,0.00694,0.00027,0.00015,0.00000,0.00006,0.00220,0.00962
1700030450.279744625091553,0.00645,0.00034,0.00110,0.00000,0.00136,0.00170,0.01095
1700030450.346452713012695,0.00677,0.00048,0.00088,0.00000,0.00071,0.00231,0.01116
1700030450.413162946701050,0.00751,0.00028,0.00082,0.00000,0.00062,0.00211,0.01134
1700030450.479874372482300,0.00992,0.00042,0.00017,0.00000,0.00059,0.00245,0.01354
1700030450.546539306640625,0.00748,0.00038,0.00093,0.00000,0.00000,0.00284,0.01162
1700030450.613156080245972,0.00622,0.00030,0.00032,0.00000,0.00270,0.00220,0.01174
1700030450.680227279663086,0.00744,0.00026,0.00032,0.00004,0.00026,0.00220,0.01053
1700030450.747303247451782,0.00659,0.00025,0.00061,0.00002,0.00023,0.00196,0.00966
